5555555555555555555555555555555555555555555555555555555555
5555555555555555555555555555555555555555555555555555555555
5555555555555555555555559988888888555555555555555555555555
5555555555555555559999999999998888887777555555555555555555
5555555555555599999999999999998888888877776655555555555555
5555555555559999999999999999998888888877776666555555555555
5555555555999999999999999999998888888877777766555555555555
5555555599999999999999999999888888887777777766665555555555
5555555599999999999999999999888888887777776666665555555555
5555559999999999999999999988888888887777776666665544555555
5555559999999999999999998888888888777777776666665544555555
5555559999999999999999888888888877777777666666555544555555
5555999999999999999988888888888877777777666666555544335555
5555889999999999998888888888887777777766666655555544335555
5555889999999988888888888888777777777766666655554444335555
5555888888888888888888888877777777776666665555554444335555
5555888888888888888888777777777777666666665555444433225555
5555558888888888888877777777777766666666555555444433555555
5555557788888877777777777777776666666655555544443333555555
5555557777777777777777777766666666665555554444443322555555
5555555577777777777777666666666666555555444444332255555555
5555555566667777666666666666665555555544444433331155555555
5555555555666666666666666655555555554444443333225555555555
5555555555555566666666555555555544444444333322555555555555
5555555555555555555555555555444444443333221155555555555555
5555555555555555554444444444444433333322555555555555555555
5555555555555555555555553333333322555555555555555555555555
5555555555555555555555555555555555555555555555555555555555
5555555555555555555555555555555555555555555555555555555555